{
  "nbformat": 4,
  "nbformat_minor": 0,
  "metadata": {
    "colab": {
      "name": "topic 모델 실습.ipynb",
      "provenance": [],
      "collapsed_sections": [],
      "authorship_tag": "ABX9TyMr20cR2kAIFY/K/6s3JDf8",
      "include_colab_link": true
    },
    "kernelspec": {
      "name": "python3",
      "display_name": "Python 3"
    }
  },
  "cells": [
    {
      "cell_type": "markdown",
      "metadata": {
        "id": "view-in-github",
        "colab_type": "text"
      },
      "source": [
        "<a href=\"https://colab.research.google.com/github/dohyun-kim92/TIL/blob/master/topic_%EB%AA%A8%EB%8D%B8_%EC%8B%A4%EC%8A%B5.ipynb\" target=\"_parent\"><img src=\"https://colab.research.google.com/assets/colab-badge.svg\" alt=\"Open In Colab\"/></a>"
      ]
    },
    {
      "cell_type": "code",
      "metadata": {
        "id": "ygxrCpgBBRvy",
        "colab_type": "code",
        "colab": {}
      },
      "source": [
        "import numpy as np"
      ],
      "execution_count": 51,
      "outputs": []
    },
    {
      "cell_type": "code",
      "metadata": {
        "id": "RSoga3ZwnScm",
        "colab_type": "code",
        "colab": {
          "base_uri": "https://localhost:8080/",
          "height": 283
        },
        "outputId": "ca327360-5df8-4f62-da7b-5541c0f87231"
      },
      "source": [
        "doc_ls = [\n",
        "          '바나나 사과 포도 포도 짜장면',\n",
        "          '사과 포도',\n",
        "          '포도 바나나',\n",
        "          '짜장면 짬뽕 탕수육',\n",
        "          '볶음밥 탕수육',\n",
        "          '짜장면 짬뽕',\n",
        "          '라면 스시',\n",
        "          '스시 짜장면',\n",
        "          '가츠동 스시 소바',\n",
        "          '된장찌개 김치찌개 김치',\n",
        "          '김치 된장 짜장면',\n",
        "          '비빔밥 김치'\n",
        "          ]\n",
        "\n",
        "doc_list=[]\n",
        "for i in range(len(doc_ls)):\n",
        "    doc_list.append(doc_ls[i].split())\n",
        "doc_list\n",
        "\n",
        "# 토큰 생성 \n",
        "tokens = []\n",
        "tmp = []\n",
        "for i in range(len(doc_list)):\n",
        "    tmp += doc_list[i]\n",
        "tokens = list(set(tmp))\n",
        "tokens\n",
        "\n",
        "# 토큰 인덱싱\n",
        "mapping_w2i = {}\n",
        "mapping_i2w = {}\n",
        "for i, v in enumerate(tokens):\n",
        "    mapping_w2i[v] = i\n",
        "    mapping_i2w[i] = v\n",
        "tokens_w2i = mapping_w2i\n",
        "tokens_i2w = mapping_i2w\n",
        "print(tokens_w2i)\n",
        "print(tokens_i2w)\n",
        "\n",
        "\n",
        "\n",
        "# TDM  ( text가 행 단어횟수가 열 -> 텍스트당 단어 등장수 ) = 문서당 토큰 카운트\n",
        "doc_cnt = np.zeros((len(doc_ls), len(tokens)))\n",
        "doc_cnt\n",
        "\n",
        "\n",
        "for i in range(len(doc_ls)):\n",
        "    for j in range(len(tokens)):\n",
        "        if tokens[j] in doc_list[i]: # ※주의 : in을 쓰면 한 문서에 2번이상 나오는 것도 1로 찍힘\n",
        "            doc_cnt[i][j] += doc_list[i].count(tokens[j])\n",
        "doc_cnt\n",
        "\n"
      ],
      "execution_count": 91,
      "outputs": [
        {
          "output_type": "stream",
          "text": [
            "{'짜장면': 0, '포도': 1, '된장': 2, '바나나': 3, '라면': 4, '짬뽕': 5, '탕수육': 6, '스시': 7, '비빔밥': 8, '가츠동': 9, '소바': 10, '김치': 11, '볶음밥': 12, '사과': 13, '된장찌개': 14, '김치찌개': 15}\n",
            "{0: '짜장면', 1: '포도', 2: '된장', 3: '바나나', 4: '라면', 5: '짬뽕', 6: '탕수육', 7: '스시', 8: '비빔밥', 9: '가츠동', 10: '소바', 11: '김치', 12: '볶음밥', 13: '사과', 14: '된장찌개', 15: '김치찌개'}\n"
          ],
          "name": "stdout"
        },
        {
          "output_type": "execute_result",
          "data": {
            "text/plain": [
              "array([[1., 2., 0., 1., 0., 0., 0., 0., 0., 0., 0., 0., 0., 1., 0., 0.],\n",
              "       [0., 1., 0., 0., 0., 0., 0., 0., 0., 0., 0., 0., 0., 1., 0., 0.],\n",
              "       [0., 1., 0., 1., 0., 0., 0., 0., 0., 0., 0., 0., 0., 0., 0., 0.],\n",
              "       [1., 0., 0., 0., 0., 1., 1., 0., 0., 0., 0., 0., 0., 0., 0., 0.],\n",
              "       [0., 0., 0., 0., 0., 0., 1., 0., 0., 0., 0., 0., 1., 0., 0., 0.],\n",
              "       [1., 0., 0., 0., 0., 1., 0., 0., 0., 0., 0., 0., 0., 0., 0., 0.],\n",
              "       [0., 0., 0., 0., 1., 0., 0., 1., 0., 0., 0., 0., 0., 0., 0., 0.],\n",
              "       [1., 0., 0., 0., 0., 0., 0., 1., 0., 0., 0., 0., 0., 0., 0., 0.],\n",
              "       [0., 0., 0., 0., 0., 0., 0., 1., 0., 1., 1., 0., 0., 0., 0., 0.],\n",
              "       [0., 0., 0., 0., 0., 0., 0., 0., 0., 0., 0., 1., 0., 0., 1., 1.],\n",
              "       [1., 0., 1., 0., 0., 0., 0., 0., 0., 0., 0., 1., 0., 0., 0., 0.],\n",
              "       [0., 0., 0., 0., 0., 0., 0., 0., 1., 0., 0., 1., 0., 0., 0., 0.]])"
            ]
          },
          "metadata": {
            "tags": []
          },
          "execution_count": 91
        }
      ]
    },
    {
      "cell_type": "code",
      "metadata": {
        "id": "XZzmW6H_HT1M",
        "colab_type": "code",
        "colab": {}
      },
      "source": [
        "docs = [d.split() for d in doc_ls]\n",
        "\n",
        "from collections import defaultdict\n",
        "word2id = defaultdict(lambda : len(word2id))\n",
        "[word2id[w] for d in docs for w in d ]\n",
        "\n"
      ],
      "execution_count": 85,
      "outputs": []
    },
    {
      "cell_type": "code",
      "metadata": {
        "id": "-5U5zs5TIhf3",
        "colab_type": "code",
        "colab": {
          "base_uri": "https://localhost:8080/",
          "height": 228
        },
        "outputId": "90b81438-22a5-47db-b92b-6b10211698f3"
      },
      "source": [
        "docs"
      ],
      "execution_count": 86,
      "outputs": [
        {
          "output_type": "execute_result",
          "data": {
            "text/plain": [
              "[['바나나', '사과', '포도', '포도', '짜장면'],\n",
              " ['사과', '포도'],\n",
              " ['포도', '바나나'],\n",
              " ['짜장면', '짬뽕', '탕수육'],\n",
              " ['볶음밥', '탕수육'],\n",
              " ['짜장면', '짬뽕'],\n",
              " ['라면', '스시'],\n",
              " ['스시', '짜장면'],\n",
              " ['가츠동', '스시', '소바'],\n",
              " ['된장찌개', '김치찌개', '김치'],\n",
              " ['김치', '된장', '짜장면'],\n",
              " ['비빔밥', '김치']]"
            ]
          },
          "metadata": {
            "tags": []
          },
          "execution_count": 86
        }
      ]
    },
    {
      "cell_type": "code",
      "metadata": {
        "id": "Z4T53u8BHzmF",
        "colab_type": "code",
        "colab": {
          "base_uri": "https://localhost:8080/",
          "height": 562
        },
        "outputId": "119f4eda-09af-4e31-eebe-49b626573320"
      },
      "source": [
        ""
      ],
      "execution_count": 87,
      "outputs": [
        {
          "output_type": "execute_result",
          "data": {
            "text/plain": [
              "[0,\n",
              " 1,\n",
              " 2,\n",
              " 2,\n",
              " 3,\n",
              " 1,\n",
              " 2,\n",
              " 2,\n",
              " 0,\n",
              " 3,\n",
              " 4,\n",
              " 5,\n",
              " 6,\n",
              " 5,\n",
              " 3,\n",
              " 4,\n",
              " 7,\n",
              " 8,\n",
              " 8,\n",
              " 3,\n",
              " 9,\n",
              " 8,\n",
              " 10,\n",
              " 11,\n",
              " 12,\n",
              " 13,\n",
              " 13,\n",
              " 14,\n",
              " 3,\n",
              " 15,\n",
              " 13]"
            ]
          },
          "metadata": {
            "tags": []
          },
          "execution_count": 87
        }
      ]
    },
    {
      "cell_type": "code",
      "metadata": {
        "id": "UmrMPc4mIohp",
        "colab_type": "code",
        "colab": {
          "base_uri": "https://localhost:8080/",
          "height": 316
        },
        "outputId": "57e362c2-c590-44c9-cf5d-795c1df6c284"
      },
      "source": [
        "word2id"
      ],
      "execution_count": 88,
      "outputs": [
        {
          "output_type": "execute_result",
          "data": {
            "text/plain": [
              "defaultdict(<function __main__.<lambda>>,\n",
              "            {'가츠동': 9,\n",
              "             '김치': 13,\n",
              "             '김치찌개': 12,\n",
              "             '된장': 14,\n",
              "             '된장찌개': 11,\n",
              "             '라면': 7,\n",
              "             '바나나': 0,\n",
              "             '볶음밥': 6,\n",
              "             '비빔밥': 15,\n",
              "             '사과': 1,\n",
              "             '소바': 10,\n",
              "             '스시': 8,\n",
              "             '짜장면': 3,\n",
              "             '짬뽕': 4,\n",
              "             '탕수육': 5,\n",
              "             '포도': 2})"
            ]
          },
          "metadata": {
            "tags": []
          },
          "execution_count": 88
        }
      ]
    },
    {
      "cell_type": "markdown",
      "metadata": {
        "id": "n0d7i5kqEQ6R",
        "colab_type": "text"
      },
      "source": [
        "# 시각화로 다시"
      ]
    },
    {
      "cell_type": "code",
      "metadata": {
        "id": "SnDbeMCNn24w",
        "colab_type": "code",
        "colab": {
          "base_uri": "https://localhost:8080/",
          "height": 1000
        },
        "outputId": "da92ea7f-8ae5-4dde-a6c4-2c3bc7e4ea90"
      },
      "source": [
        "\n",
        "# 특이값분해\n",
        "U, s, VT = np.linalg.svd(doc_cnt)\n",
        "print(\"U:\\n {}\".format(U))\n",
        "print(\"s:\\n {}\".format(s))\n",
        "print(\"VT:\\n {}\".format(VT))\n",
        "\n",
        "\n",
        "# 문서별 주제 추출 ( 상위 4개 )\n",
        "k = 4\n",
        "U[:,:4] # 행(문서)은 전부 그리고 열(주제)은 4개로 제한 !! \n",
        "\n",
        "# 주제별 단어 추출\n",
        "VT.T[:,:4]      # 트랜스포즈해서 주제를 열로 가게 만듦 / 행은 단어 => U와 같은 꼴로 만들어주기위함 !! 나중에 헷갈릴까봐 \n",
        "                # but 단어 계산할떄는 트랜스포즈 안하구 바도댐 \n",
        "vt_4 = VT[:4,:] \n",
        "print(\"-\"*100)\n",
        "print(vt_4[0])\n",
        "\n",
        "for i in range(len(vt_4)):\n",
        "    # print(np.argsort(vt_4[i])[::-1][:3])\n",
        "    print(\"-------------Topic{}-------------\".format(i+1))\n",
        "    for j in range(4):\n",
        "        print(tokens_i2w[np.argsort(vt_4[i])[::-1][j]])\n",
        "\n",
        "\n",
        "\n",
        "# lsa = LSA(doc_ls, 4)\n",
        "# X = lsa.TDM(doc_ls)\n",
        "# set(tmp[1]+tmp[0])\n",
        "\n"
      ],
      "execution_count": 136,
      "outputs": [
        {
          "output_type": "stream",
          "text": [
            "U:\n",
            " [[ 7.99091783e-01 -2.36316994e-01  1.00528910e-02 -1.86641353e-02\n",
            "  -2.26958130e-02  1.49376350e-03  2.77279457e-03  3.68544915e-02\n",
            "  -1.74751404e-16  1.17652823e-01  2.96599016e-02 -5.37170383e-01]\n",
            " [ 3.24228913e-01 -2.37554400e-01  2.30122874e-02 -5.61972271e-02\n",
            "   9.68984211e-02 -3.15314058e-03 -5.42121261e-03 -5.97770914e-02\n",
            "  -7.07106781e-01 -1.44987002e-01 -3.17878330e-02  5.47468895e-01]\n",
            " [ 3.24228913e-01 -2.37554400e-01  2.30122874e-02 -5.61972271e-02\n",
            "   9.68984211e-02 -3.15314058e-03 -5.42121261e-03 -5.97770914e-02\n",
            "   7.07106781e-01 -1.44987002e-01 -3.17878330e-02  5.47468895e-01]\n",
            " [ 2.12081980e-01  4.85658930e-01 -1.28131746e-01  4.30050644e-01\n",
            "   2.29550714e-01  1.49219512e-01 -7.74475499e-02 -2.17717819e-01\n",
            "  -1.38777878e-17 -1.91835325e-01 -5.93643666e-01 -1.49190202e-02]\n",
            " [ 2.52665818e-02  1.21890924e-01 -5.54551687e-02  2.15417887e-01\n",
            "   7.72035525e-01 -3.54259781e-01  1.44920552e-01  2.56260382e-01\n",
            "  -1.11022302e-16  1.33737715e-01  3.29953280e-01  7.67610447e-03]\n",
            " [ 1.89246333e-01  3.84136208e-01 -8.55415749e-02  2.68536344e-01\n",
            "  -2.06427336e-01  2.79091699e-01 -1.23485787e-01 -2.51221324e-01\n",
            "  -1.24900090e-16 -8.91141358e-02  7.19391476e-01  1.13425438e-01]\n",
            " [ 2.36442492e-02  1.25647193e-01 -3.27797206e-01 -3.68538891e-01\n",
            "   4.67523453e-02  1.33045640e-02  7.12241818e-01 -1.94706150e-01\n",
            "   8.60422844e-16 -4.20586536e-01  5.37042418e-02 -1.14205713e-01]\n",
            " [ 1.72003359e-01  3.43443118e-01 -2.87723496e-01 -1.82589822e-01\n",
            "  -1.90091025e-01  1.26775185e-02  2.39879590e-01  1.30952775e-01\n",
            "   1.24900090e-16  7.30670697e-01 -1.20478195e-01  2.77411227e-01]\n",
            " [ 2.64611286e-02  1.57182189e-01 -4.69667194e-01 -5.53144751e-01\n",
            "   2.03991984e-01 -1.82815996e-02 -6.20511480e-01  3.44688095e-02\n",
            "  -5.82867088e-16 -1.27375250e-01  2.38548696e-02 -5.54448178e-02]\n",
            " [ 2.97269389e-02  2.06909830e-01  5.48938999e-01 -3.71873872e-01\n",
            "   3.30192874e-01  6.20323079e-01  5.63002876e-02  1.26623806e-01\n",
            "  -1.94289029e-16  5.87177354e-02  3.20870954e-03 -1.38201319e-02]\n",
            " [ 1.93231869e-01  4.52098023e-01  3.36286310e-01 -1.22753373e-01\n",
            "  -3.07692002e-01 -4.30167900e-01 -2.17647704e-02  4.81065026e-01\n",
            "   9.71445147e-17 -3.36826258e-01 -1.62054766e-02  6.91473051e-02]\n",
            " [ 2.65624027e-02  1.65398125e-01  3.83123778e-01 -2.47765135e-01\n",
            "   7.56759699e-02 -4.51444527e-01 -6.46231705e-02 -7.15267922e-01\n",
            "   6.10622664e-16  1.93882948e-01  7.22373736e-03 -2.84668267e-02]]\n",
            "s:\n",
            " [3.22393767 2.44629785 2.07618557 1.99908862 1.51569515 1.25649714\n",
            " 1.21061396 1.07256884 1.         0.75205415 0.44813511 0.23755718]\n",
            "VT:\n",
            " [[ 4.85634489e-01  6.96862539e-01  5.99366020e-02  3.48431269e-01\n",
            "   7.33396598e-03  1.24483893e-01  7.36207042e-02  6.88936199e-02\n",
            "   8.23911792e-03  8.20770476e-03  8.20770476e-03  7.73964128e-02\n",
            "   7.83718059e-03  3.48431269e-01  9.22069281e-03  9.22069281e-03]\n",
            " [ 5.84155884e-01 -3.87419213e-01  1.84809067e-01 -1.93709606e-01\n",
            "   5.13621810e-02  3.55555697e-01  2.48354816e-01  2.56008278e-01\n",
            "   6.76116052e-02  6.42530872e-02  6.42530872e-02  3.37001472e-01\n",
            "   4.98266898e-02 -1.93709606e-01  8.45808001e-02  8.45808001e-02]\n",
            " [-7.46838907e-02  3.18518526e-02  1.61973147e-01  1.59259263e-02\n",
            "  -1.57884349e-01 -1.02916293e-01 -8.84250994e-02 -5.22683479e-01\n",
            "   1.84532531e-01 -2.26216385e-01 -2.26216385e-01  6.10903528e-01\n",
            "  -2.67101215e-02  1.59259263e-02  2.64397849e-01  2.64397849e-01]\n",
            " [ 1.87375214e-01 -7.48954915e-02 -6.14046681e-02 -3.74477457e-02\n",
            "  -1.84353453e-01  3.49452736e-01  3.22881400e-01 -5.52388450e-01\n",
            "  -1.23939045e-01 -2.76698464e-01 -2.76698464e-01 -3.71365417e-01\n",
            "   1.07758048e-01 -3.74477457e-02 -1.86021704e-01 -1.86021704e-01]\n",
            " [-3.28136869e-01  9.79123116e-02 -2.03003883e-01  4.89561558e-02\n",
            "   3.08454804e-02  1.52559558e-02  6.60809818e-01  4.00168227e-02\n",
            "   4.99282258e-02  1.34586420e-01  1.34586420e-01  6.47734752e-02\n",
            "   5.09360687e-01  4.89561558e-02  2.17849132e-01  2.17849132e-01]\n",
            " [ 9.80073379e-03 -2.64127474e-03 -3.42354858e-01 -1.32063737e-03\n",
            "   1.05886146e-02  3.40877188e-01 -1.63184032e-01  6.12853197e-03\n",
            "  -3.59288145e-01 -1.45496548e-02 -1.45496548e-02 -2.07950611e-01\n",
            "  -2.81942370e-01 -1.32063737e-03  4.93692392e-01  4.93692392e-01]\n",
            " [ 1.64827751e-02 -4.37533043e-03 -1.79782913e-02 -2.18766522e-03\n",
            "   5.88331081e-01 -1.65976392e-01  5.57345320e-02  2.73918804e-01\n",
            "  -5.33804935e-02 -5.12559331e-01 -5.12559331e-01 -2.48532186e-02\n",
            "   1.19708311e-01 -2.18766522e-03  4.65055662e-02  4.65055662e-02]\n",
            " [ 1.67759070e-01 -4.27433635e-02  4.48516692e-01 -2.13716818e-02\n",
            "  -1.81532545e-01 -4.37211232e-01  3.59348151e-02 -2.73032041e-02\n",
            "  -6.66873675e-01  3.21366875e-02  3.21366875e-02 -1.00300407e-01\n",
            "   2.38922084e-01 -2.13716818e-02  1.18056577e-01  1.18056577e-01]\n",
            " [-2.39919755e-16 -2.22689933e-16  4.91006213e-17  7.07106781e-01\n",
            "   8.86057740e-16  3.69000780e-16  2.44960163e-17  4.73620539e-17\n",
            "   5.06248435e-16 -3.94203848e-16 -4.21959424e-16  2.87387249e-16\n",
            "  -6.40660221e-17 -7.07106781e-01 -2.30042252e-16 -2.30042252e-16]\n",
            " [ 3.06557448e-01 -7.26920515e-02 -4.47875006e-01 -3.63460257e-02\n",
            "  -5.59250334e-01 -3.73576104e-01 -7.72518965e-02  2.42946483e-01\n",
            "   2.57804505e-01 -1.69369784e-01 -1.69369784e-01 -1.11994028e-01\n",
            "   1.77829900e-01 -3.63460257e-02  7.80764726e-02  7.80764726e-02]\n",
            " [ 4.17821316e-02 -9.49682941e-03 -3.61620328e-02 -4.74841470e-03\n",
            "   1.19839397e-01  2.80602449e-01 -5.88417152e-01 -9.57726409e-02\n",
            "   1.61195522e-02  5.32314228e-02  5.32314228e-02 -1.28823419e-02\n",
            "   7.36280802e-01 -4.74841470e-03  7.16013865e-03  7.16013865e-03]\n",
            " [-3.87719010e-01  8.67034434e-02  2.91076473e-01  4.33517217e-02\n",
            "  -4.80750424e-01  4.14664036e-01 -3.04891471e-02  4.53620037e-01\n",
            "  -1.19831474e-01 -2.33395676e-01 -2.33395676e-01  1.13068975e-01\n",
            "   3.23126608e-02  4.33517217e-02 -5.81760234e-02 -5.81760234e-02]\n",
            " [-7.17116196e-17 -7.89277853e-02  2.76431051e-01  7.89277853e-02\n",
            "   1.79683089e-16 -2.13652273e-17 -6.27243179e-17  6.66462112e-18\n",
            "   2.76431051e-01 -5.97436931e-01  5.97436931e-01 -2.76431051e-01\n",
            "   1.27641384e-16  7.89277853e-02  1.38215525e-01  1.38215525e-01]\n",
            " [-3.82461971e-16 -5.23439560e-01 -2.18624590e-01  5.23439560e-01\n",
            "  -1.00275942e-16  3.45949469e-16 -1.04581021e-16  6.19524323e-17\n",
            "  -2.18624590e-01 -7.32959481e-02  7.32959481e-02  2.18624590e-01\n",
            "   9.40130876e-17  5.23439560e-01 -1.09312295e-01 -1.09312295e-01]\n",
            " [-2.86846478e-17 -1.62964360e-01  2.84168479e-01  1.62964360e-01\n",
            "   1.13933815e-16  1.50794645e-16 -1.05013919e-16 -2.17471924e-17\n",
            "   2.84168479e-01  2.62389803e-01 -2.62389803e-01 -2.84168479e-01\n",
            "   2.02587472e-17  1.62964360e-01  6.42084239e-01 -3.57915761e-01]\n",
            " [-4.78077464e-17 -1.62964360e-01  2.84168479e-01  1.62964360e-01\n",
            "   1.17515208e-16  2.15409028e-16 -1.76790136e-16 -3.31778861e-18\n",
            "   2.84168479e-01  2.62389803e-01 -2.62389803e-01 -2.84168479e-01\n",
            "   8.62901859e-17  1.62964360e-01 -3.57915761e-01  6.42084239e-01]]\n",
            "----------------------------------------------------------------------------------------------------\n",
            "[0.48563449 0.69686254 0.0599366  0.34843127 0.00733397 0.12448389\n",
            " 0.0736207  0.06889362 0.00823912 0.0082077  0.0082077  0.07739641\n",
            " 0.00783718 0.34843127 0.00922069 0.00922069]\n",
            "-------------Topic1-------------\n",
            "포도\n",
            "짜장면\n",
            "사과\n",
            "바나나\n",
            "-------------Topic2-------------\n",
            "짜장면\n",
            "짬뽕\n",
            "김치\n",
            "스시\n",
            "-------------Topic3-------------\n",
            "김치\n",
            "김치찌개\n",
            "된장찌개\n",
            "비빔밥\n",
            "-------------Topic4-------------\n",
            "짬뽕\n",
            "탕수육\n",
            "짜장면\n",
            "볶음밥\n"
          ],
          "name": "stdout"
        }
      ]
    },
    {
      "cell_type": "code",
      "metadata": {
        "id": "KpWYGonV9mWm",
        "colab_type": "code",
        "colab": {
          "base_uri": "https://localhost:8080/",
          "height": 369
        },
        "outputId": "92363fed-4334-4f77-e717-6a7f764d89a5"
      },
      "source": [
        "\n",
        "for i in range(len(vt_4)):\n",
        "    # print(np.argsort(vt_4[i])[::-1][:3])\n",
        "    print(\"-------------Topic{}-------------\".format(i+1))\n",
        "    for j in range(4):\n",
        "        print(tokens_i2w[np.argsort(vt_4[i])[::-1][j]])\n",
        "\n",
        "    \n",
        "    # print(token_i2s[])\n",
        "    # print()\n",
        "    # print(\"주제{} - {}, {}, {}\".format(i, vt_4[i][:]))\n",
        "# index_des\n",
        "# print(\"1위\",\n"
      ],
      "execution_count": 135,
      "outputs": [
        {
          "output_type": "stream",
          "text": [
            "-------------Topic1-------------\n",
            "포도\n",
            "짜장면\n",
            "사과\n",
            "바나나\n",
            "-------------Topic2-------------\n",
            "짜장면\n",
            "짬뽕\n",
            "김치\n",
            "스시\n",
            "-------------Topic3-------------\n",
            "김치\n",
            "김치찌개\n",
            "된장찌개\n",
            "비빔밥\n",
            "-------------Topic4-------------\n",
            "짬뽕\n",
            "탕수육\n",
            "짜장면\n",
            "볶음밥\n"
          ],
          "name": "stdout"
        }
      ]
    },
    {
      "cell_type": "code",
      "metadata": {
        "id": "JqjL7D-0Giwd",
        "colab_type": "code",
        "colab": {
          "base_uri": "https://localhost:8080/",
          "height": 35
        },
        "outputId": "15f4b843-3817-41cc-ffdf-1e02cd27410d"
      },
      "source": [
        "test = [3,6,7,2]\n",
        "test.index(7)\n",
        "tokens_i2w[1]"
      ],
      "execution_count": 120,
      "outputs": [
        {
          "output_type": "execute_result",
          "data": {
            "application/vnd.google.colaboratory.intrinsic+json": {
              "type": "string"
            },
            "text/plain": [
              "'포도'"
            ]
          },
          "metadata": {
            "tags": []
          },
          "execution_count": 120
        }
      ]
    },
    {
      "cell_type": "code",
      "metadata": {
        "id": "5BJc0fgmGo3q",
        "colab_type": "code",
        "colab": {}
      },
      "source": [
        ""
      ],
      "execution_count": null,
      "outputs": []
    }
  ]
}